201,210,203,210,202,209,203,210,201,210,201,210,201,211,205,211,204,212,206,213,210,220,216,230,230,238,238,254,258,278,283,306,314,337,346,368,375,394,400,418,421,437,436,450,432,439,431,424,404,403,380,375,357,346,325,315,290,285,264,261,240,242,230,231,217,221,206,210,202,210,201,209,202,209, 
450 201 11100
202,210,203,210,202,210,203,210,202,210,202,211,198,209,204,211,204,212,206,215,212,222,219,232,230,242,242,258,263,283,288,312,319,343,351,373,380,398,404,423,428,441,438,450,429,435,426,419,399,397,374,368,349,338,314,307,283,278,258,256,237,240,229,229,214,219,205,211,202,210,201,209,202,209, 
450 198 11000
201,209,203,210,202,210,203,210,201,210,202,210,200,210,205,211,204,212,206,216,213,224,221,234,232,245,246,263,269,290,296,320,327,351,359,380,387,405,411,428,430,443,439,450,428,434,424,416,396,394,370,364,344,333,311,303,278,274,254,252,235,238,226,227,213,217,204,210,202,209,201,210,202,210, 
450 200 11300
208,214,209,214,208,213,209,213,207,213,207,212,206,214,210,214,209,214,210,215,211,218,215,226,226,239,240,257,267,287,296,319,330,353,365,386,395,408,412,420,415,416,405,404,378,373,356,341,319,309,286,278,260,251,237,235,223,225,214,218,208,216,211,215,208,215,208,215,206,214,209,215,210,214, 
420 206 14800
211,217,212,219,213,219,217,225,225,236,238,252,261,282,296,315,329,349,368,392,406,425,431,444,445,451,445,442,426,417,393,379,354,339,313,301,279,268,248,242,230,229,218,220,209,217,213,216,209,216,207,215,210,214,207,214,205,213,206,213,205,213,209,214,207,215,207,214,209,217,212,227,235,253, 
451 205 18300
210,215,212,216,211,216,212,215,211,216,212,216,211,217,215,222,222,231,234,244,251,268,278,300,313,337,352,378,391,415,424,440,443,452,448,449,439,433,412,400,374,354,333,318,294,283,266,253,237,236,224,225,217,218,212,216,209,215,209,215,208,214,210,214,208,214,208,212,208,215,209,215,210,214, 
452 208 17800